Test cases
#1==========================
RR
5 3 2
A 10 0 1 3
B 1 1 0 1
C 2 2.5 2 3
D 1 3 1 4
E 5 4.5 3 2
#2===========================
FCFS
5 3 11.62
A 10 0 1 3
B 1 1 0 1
C 2 2.5 2 3
D 1 3 1 4
E 5 4.5 3 2
#3===========================
FCFS
5 4 2
P1 6 2 0 0
P2 3 5 0 0
P3 8 1 0 0
P4 3 0 0 0
P5 4 4 0 0
#4===========================
SRTF
4 40 0
A 53 1 0 0
B 8 3 0 0
C 68 0 0 0
D 24 4 0 0
#5============================
SRTF
10 4 15
P1 10 0 2 4
P2 8 4 3 2
P3 4 5 1 3
P4 11 1 8 4
P5 5 2 3 1
P6 16 7 5 4
P7 20 12 8 4
P8 7 5 4 4
P9 21 1 7 2
P10 13 13 8 3
#6=============================
RR
4 5 3
P1 11 2 4 5
P2 8 1 5 2
P3 6 5 0 4
P4 12 0 3 3
#7=============================
RR
5 5.6 11.23
A 15.23 2.69 4.45 5.6
B 4.2 0 3.63 11.34
C 8.5 1.67 3.4 8.7
D 5.6 5.6 5.6 5.6
E 5 6.4 0 4.3
==============================
test case này khi chạy bị lỗi
#11===========================
ALL
1 1 0
A 0 0 0 0
